14
5165
1134
2376
3466
3497
5214
2379
958
753
1787
7797
4901
7207
1273
370
381
4214
3064
885
475
4804
413
4280
7119
6839
2474
3284
667
2109
4532
749
4708
2769
349
3545
236
2393
1421
5281
2312
3211
5498
4670
5215
2137
3170
898
3686
4988
2501
977
5667
3988
367
5743
1155
6708
6045
7978
2144
725
6782
1231
7284
167
7792
673
6499
813
4622
617
1571
4189
3886
7617
1529
4697
1209
5128
1177
7324
7280
3191
187
4668
2966
2934
1356
6495
3137
1900
7624
3440
3826
3048
6779
3643
6607
7241
1469
1455
6953
6159
6627
4995
5203
6420
7315
5974
490
949
6683
3649
133
5640
6797
2095
7205
3999
6655
6686
4833
5909
620
7130
2253
7848
7560
5034
6123
2932
4660
5829
3320
2504
5021
57
908
1723
7193
1955
6783
1503
5240
2741
510
6658
2749
2450
1694
3216
1578
6338
1058
7400
6060
2959
5350
1813
533
5002
1568
1042
2421
1752
3088
6956
981
5717
1675
4181
793
506
6080
4199
3458
2677
584
1739
398
3892
7796
1454
1477
5774
2190
950
4235
1293
3067
817
1538
3332
215
4844
5759
6058
2995
7918
5815
6266
4307
1649
763
4002
5966
5530
5132
67
2079
357
5340
7693
2773
6870
4985
6882
4861
2664
3498
6559
7095
2699
2803
5962
579
7393
2286
43
5247
6434
5455
4871
6423
5821
5534
2926
5696
118
7029
6479
5468
5775
4141
2714
7555
4122
4054
2523
7882
5030
4293
6017
7852
5099
2005
7338
2352
1761
6630
2536
5931
4018
695
984
5304
400
6758
3179
7070
4467
141
7477
3619
3463
2015
6633
4442
3609
4594
2574
2845
3021
203
4109
995
1077
1638
4579
7958
4531
3803
1914
7222
2214
2074
901
1527
5526
1062
1084
7032
741
1800
1868
6464
7273
1345
2503
1576
526
5390
2236
4663
1312
5167
7781
6389
4036
4914
7565
4144
2784
7473
2603
6425
7953
6932
5956
944
4717
6125
4253
91
3542
2524
263
6684
7072
5739
7884
5001
3277
3628
6144
5184
7787
7737
3523
5026
4588
1206
6595
4855
245
783
7528
5544
4155
6223
1038
7951
3327
6179
3885
1347
6609
4601
5750
6834
4332
5768
7535
1456
1526
4094
5528
4043
3307
7937
3854
4547
7835
5333
1825
6115
6241
1310
3799
4215
4067
3730
225
6262
6646
4943
3701
4904
3667
523
1977
1151
421
2396
5290
1267
1335
6656
2341
3479
3491
1377
2972
3159
3940
4967
5347
1594
4358
7206
5429
7289
7045
46
7352
7360
3193
4115
5284
4164
7513
6052
2469
6904
5059
6046
7076
2342
5042
7463
4970
6370
3322
293
5008
2596
3001
7112
5496
5675
3258
1085
2778
4148
7548
6777
5859
7949
7258
5075
5520
4394
7069
5594
833
7450
5831
5888
4316
2216
6074
4137
6026
2609
1228
3335
7883
1171
2153
6451
2330
6604
2354
1334
2897
4190
735
1373
911
6695
3976
2149
6302
2826
6813
143
7633
5686
6898
1654
3863
3194
3759
7591
6798
5578
3947
6489
2172
4779
6681
3014
7453
5850
3239
4657
199
1765
5235
7767
3778
5112
6301
2942
1467
6742
2586
5111
3941
3128
6771
1925
798
4603
5499
6554
4854
3368
2732
5476
2554
7975
4462
670
3905
758
4700
1874
2614
5650
5459
7546
7925
5069
369
6764
7187
6347
213
5209
2581
1328
2750
5066
2080
1220
7696
698
5442
4860
1920
973
4908
4108
3118
1781
4478
7350
2001
5801
7576
3561
2588
5305
5451
806
219
107
2857
478
2831
312
2044
3844
221
723
7659
2042
7826
3556
7990
3424
3090
2499
1783
6422
4240
678
6106
6616
6321
688
4562
704
2753
1866
3482
1008
2343
4842
3592
4980
4182
7306
3232
4909
851
3222
4591
6463
635
6143
3254
6325
5227
2535
3632
1763
1895
7331
276
7036
4221
6716
1111
6605
7898
1570
5795
3748
4295
4806
5690
7578
2304
6088
2185
2624
6548
1513
4538
5550
1159
5337
7093
6145
6028
6808
4021
7174
3360
2332
1952
1504
1330
867
1381
1709
5480
3764
129
2736
627
7846
6390
7850
2954
4572
4387
2669
541
5612
100
800
5547
2505
6832
1396
971
794
5250
4447
4555
2751
4577
2456
4785
38
3726
3376
4104
6979
1949
5745
5644
5469
5977
811
6966
2293
1869
1605
4162
3414
5148
126
7179
646
1904
162
5798
7552
5806
3260
6243
5291
272
3481
2436
6786
576
6520
4003
3936
6894
5433
4444
2552
4638
4274
4507
3180
6526
1702
5098
3171
1115
2925
6065
1859
2873
7084
4969
1697
7063
89
3914
2208
1942
3870
862
4184
7695
122
390
1037
7320
2763
3973
7363
6309
211
1382
6819
7955
1918
759
5866
6617
4984
832
5256
1142
1230
1054
5121
6059
6188
2407
5040
4581
6877
5511
6935
7791
3383
4320
5608
2365
1095
5858
6772
2518
6216
3340
3933
1436
680
2940
7681
6762
1169
906
841
4556
1916
4989
2814
1000
5804
3175
2267
3551
2879
5646
799
7520
4720
2689
1664
7357
4645
7011
4340
4403
6433
913
220
2822
5583
7836
4628
651
4827
1022
4278
6534
3776
1561
745
4283
1326
2867
3532
856
7516
5425
1236
532
6852
4015
2078
6092
302
5378
3173
4868
1858
2264
3294
6436
6439
707
2863
6090
7038
6184
3958
4536
2279
5365
3982
2281
5239
6378
4370
1927
4228
6998
6387
985
6737
5124
2509
2815
3672
4091
647
184
4701
7873
2063
7844
5710
1410
1121
605
1651
4311
2284
3308
3319
6957
2347
1309
5767
4736
2082
5166
7371
4230
3020
2292
4006
5683
7712
6091
5465
4925
6566
3082
6527
3504
6481
6043
6972
5261
5402
4158
3272
1964
3821
786
4794
5698
6368
6416
2487
5175
6517
7245
399
3786
7650
855
404
6456
5580
2317
1212
752
3642
7568
7831
7880
6982
4229
2593
156
5674
5406
6535
6286
3878
2257
7200
6365
7268
2706
4977
4271
2635
619
6430
6130
503
2101
4567
4636
3464
7373
3177
6289
1374
2173
7248
1941
4329
6208
2187
4678
3656
6007
7908
1999
1370
4031
1908
324
3043
4574
2840
7157
3044
3680
4933
2701
4066
3126
2010
7195
4551
6897
7362
2416
6051
7456
5467
7182
1919
4973
2395
1240
3626
2761
2903
2556
7302
5198
4570
956
4061
7784
7926
2159
2247
1300
7995
4605
7465
2033
1930
5357
444
6705
2745
2854
1569
7047
2168
5450
416
1924
5329
5397
5058
3851
2451
3646
5927
7429
7421
6038
2485
2020
4492
3720
1157
6512
4549
6212
270
4526
4154
7165
7623
1283
2234
953
7663
4186
2715
4991
3763
5584
6841
2722
6400
5441
486
3584
1957
6958
6702
7607
7676
6354
4247
1383
5687
5525
5748
3547
5589
7621
1128
4496
2828
5364
3678
4608
2527
4696
3035
4843
2490
5726
6691
4872
1059
2989
4475
5882
5937
3859
4457
3256
6150
2315
6635
5600
7217
6431
2936
336
6649
7300
2633
6985
4255
3355
4095
7301
2865
988
27
6401
2960
2461
2357
4398
3605
5315
2656
5981
7452
894
4170
4858
7046
1549
1840
4873
4459
7033
7962
485
2627
243
511
5862
5692
2226
1279
7457
900
3471
5880
6224
2388
2438
5316
7870
6021
641
1521
7219
2088
6112
7577
7644
6784
3516
5509
4070
1135
6747
5125
323
113
5276
386
7641
3568
2824
3715
2735
7198
6132
4231
3106
3781
3385
5742
1093
700
7201
2295
6355
2904
3097
1601
94
301
3660
4722
4940
4962
7986
3779
218
446
152
7890
44
7956
1435
71
6032
6886
7923
6323
1091
2169
4479
6577
1661
2471
19
5153
3183
567
3217
4266
3373
4105
6573
4585
6865
6993
420
7083
6357
2162
3966
3356
477
546
7109
3792
5418
5586
4686
3291
7790
4005
3554
1847
5702
7012
3154
3300
1828
1208
6135
5318
227
6569
692
1338
2121
2643
1932
468
3271
2489
3543
6172
1100
5596
4879
470
4486
1378
2119
7478
715
7867
1261
7861
2419
516
3473
1700
7409
393
2759
3382
4267
3962
6736
3739
465
327
7449
4279
7564
1398
1511
5182
3156
7290
2243
2237
1556
424
1494
7656
2647
3264
649
5951
820
7840
5157
5372
3286
7202
2558
1026
3518
5916
36
5715
4624
4409
5141
5354
6664
5788
5161
2177
7776
2181
3349
4381
2739
7780
4604
3129
3230
6661
7057
2980
5016
4564
6462
4593
1098
1679
1717
1282
577
6572
7699
5174
565
2921
6888
7172
4239
253
1463
7529
6209
7230
5943
4978
5985
4454
6067
3224
1097
3337
1706
7947
2693
6562
4210
5941
3985
1127
61
7845
1449
1592
7341
5339
4522
1404
6276
5551
542
6326
3296
4438
4884
4379
255
2363
4499
2370
6805
6551
6731
3070
4800
3176
7049
5601
7015
6775
3876
6341
3315
1710
3963
6047
3151
4998
560
1204
2420
887
990
4746
1183
241
6821
7472
4707
1833
3709
5769
5867
3594
709
4687
2030
4832
4740
7022
7347
7710
479
495
1466
1807
5770
3133
4913
5434
5116
1712
2708
4157
6733
3827
7685
2970
5356
967
4032
5623
4422
5067
3098
4753
7323
2517
1770
3047
3670
5212
5362
499
1978
26
4386
1385
1320
2478
4489
2864
2256
3617
2210
771
6997
507
5773
2642
3341
3521
1106
3574
681
4039
4563
1844
4450
808
578
3925
6202
2417
6688
982
2665
6391
4234
2728
489
3235
553
569
4418
2725
7443
3326
1658
2899
4178
2258
907
6009
993
7701
933
2592
3434
7987
3147
296
550
2266
457
2057
7265
7425
1705
1650
4084
4156
914
6648
3992
80
6674
