0
7321
7318
7366
3869
3483
3816
1883
1361
3814
3050
7602
7424
7110
3961
3375
6285
6757
7164
2889
2191
1909
6244
2599
3240
5617
372
4302
467
5074
7721
2492
29
7945
186
7795
2423
7909
5275
2477
2090
1753
2544
1362
1216
7418
4705
860
3951
50
6100
49
1643
1540
2777
1997
2659
7125
4353
4578
4632
146
4611
5244
2853
4817
2369
7648
6078
1812
4703
7044
4275
5018
7740
7053
4780
4072
2480
5971
1200
1291
4145
4076
1286
5410
5371
2578
4077
3215
5699
6103
6549
4869
166
2261
7802
7805
2895
3687
5095
2053
6667
6183
761
5513
1081
6826
4136
774
4075
1843
3164
4433
5506
1298
5564
7538
2858
4610
3610
1711
5122
5101
3576
5562
616
287
801
3025
3381
4935
4863
7128
4635
4009
13
5936
3703
936
7588
5233
4383
7170
4430
2519
1619
6053
2696
6158
2051
3910
3664
4008
3009
32
5313
3062
7059
7183
119
3131
4957
365
5055
3550
5080
6406
3465
3924
1898
3066
2070
4174
830
5588
7903
2300
4587
1344
5676
3683
4099
7613
4013
6845
3757
2742
2246
7819
5807
3269
2458
6825
2402
2320
5298
1199
2472
4177
6379
3695
2041
5721
5757
4273
196
3068
6842
5043
2045
1359
775
311
3367
342
6256
403
6314
6340
6041
4651
3559
2961
1970
4315
7749
5752
7977
6329
5522
343
4117
81
6108
6652
948
4584
1806
4211
6442
4803
4058
4270
1718
7270
5123
1835
5237
4787
6396
3856
7866
7800
1215
3459
1235
5787
7934
431
3529
3214
1890
7997
946
4942
795
2591
4389
1304
822
3346
4251
4468
314
1542
2821
5083
4138
6049
3086
4236
960
7232
4482
5848
5772
2389
4180
1794
5163
7229
3652
6443
6249
3506
727
2066
4131
3450
7218
4025
1069
1329
7461
7566
905
4042
3111
843
3174
1940
5624
6105
3209
776
4759
573
514
183
4369
2780
4999
3204
3718
1644
2227
5014
434
7616
4342
4375
5269
3608
3586
4049
3904
1573
7067
7155
943
3753
6514
4515
6440
7994
1423
5087
2711
4654
784
4474
1537
3693
1611
7246
4165
3480
5897
751
7261
6880
3696
2850
4561
7208
3407
916
6234
5446
1426
1838
3499
824
6148
3162
3165
5521
1667
5814
1769
5330
3515
5952
6155
5104
2619
1721
1274
1672
1290
6815
544
7444
2089
3902
3423
4929
6623
5507
5865
7849
1139
2576
6230
7876
6438
4511
3295
6556
5672
4173
1063
804
12
6498
1118
6773
3822
6044
7154
2775
3972
1799
1963
6532
1520
2957
2255
3023
5023
450
3055
160
2513
6264
4776
6561
7075
1224
7839
3033
7572
4213
3585
138
4535
1324
5641
3105
6619
2368
5632
4741
1922
2086
5120
7965
3108
858
1617
732
363
5211
2713
5162
3348
2003
6990
4226
6487
6117
1470
2424
6871
6680
1415
5992
7606
5512
4941
274
6565
7871
6454
1247
7482
2874
7001
5361
3758
7979
861
3343
734
4382
2405
4123
2437
179
7031
7309
4434
4019
2968
7129
295
368
461
6765
1036
2164
4887
5980
1242
1277
4702
818
6246
1515
5606
7189
6578
3853
4565
2383
6392
7266
6639
3248
2871
7122
6755
6861
2401
5208
7402
4395
7786
374
5232
4096
3377
6529
1478
3682
7966
5805
1960
3674
3989
5849
428
1227
5458
4183
34
3588
3155
5103
2948
1120
5295
6943
5403
7368
2606
4782
2265
5202
2804
7235
285
4300
1130
7442
6069
3793
6031
2254
7763
7030
5445
5412
2454
3546
4916
7028
7404
6356
4046
5363
517
587
2414
4089
563
787
1444
7467
2311
6474
3525
7817
6818
6337
7087
3644
2700
7000
5987
3141
1598
5258
6491
2021
5
4667
7334
4428
2930
231
5088
7743
2937
3069
4680
2622
7037
7294
3522
7799
1460
5765
7152
547
7160
1441
7970
5309
2189
3927
1311
2559
2046
7896
4011
1218
4327
6856
229
1238
7507
5186
604
2444
5280
6345
5793
836
6874
248
2964
1471
7161
2506
476
5220
7834
3994
178
5928
4051
2919
6879
7547
1451
3712
3570
6986
4413
3011
2273
3309
746
5415
2530
1275
4546
3330
2036
1013
2688
5994
7708
3702
5598
3152
7178
409
125
1327
4012
132
375
2318
181
7944
4250
1822
2157
7107
4637
7913
1453
1323
1990
7981
5603
3935
7742
3567
2488
5129
4310
3740
5735
3590
114
1998
2050
3780
82
640
7893
2825
2660
1871
2983
1548
5517
1802
7236
439
6232
1287
6905
535
1976
5027
4419
1087
7134
2913
5137
2366
284
401
3091
6317
5052
2672
5811
5853
1533
5345
3607
6899
3190
1348
3257
1685
1621
3336
4958
883
417
3396
1936
1980
4838
223
2060
6697
6196
519
4265
3627
7039
4269
2221
6854
4552
659
7874
4350
2551
5381
1314
4542
5637
6555
6542
5714
7430
3805
524
1257
2359
5228
3872
6305
6889
655
5649
6382
5145
1732
5944
4602
6964
2502
58
658
3846
4191
951
6591
1102
2291
4809
4576
1547
4193
2425
2382
1722
3725
3158
2429
6831
6692
6207
6662
427
3563
4322
1368
7349
6229
7545
1487
6085
4299
3142
3706
66
4750
438
3445
5633
4627
90
6528
2496
6466
1302
2892
4222
391
7733
1448
5834
5382
2428
394
7697
1541
5400
4829
4452
5920
6444
694
7339
5385
6068
3167
4037
4414
4292
4252
7383
5949
3639
823
7495
2059
5483
2008
6213
7857
3203
40
4730
4791
1040
1061
1749
8
6318
6570
7716
463
1432
591
3897
6851
5799
2651
6720
2914
1575
6754
742
7378
5541
2851
6421
436
1921
2646
5938
6268
5193
5719
4484
606
4334
5360
6409
1987
5405
4968
7065
6380
1992
402
387
4987
7389
5689
10
7827
1742
5958
5912
2965
4175
1735
537
59
3884
6690
92
518
214
5151
3704
7158
6311
4897
7707
5914
4971
2373
5071
4024
6603
3580
3968
3206
4822
3339
5812
2520
4966
4359
2013
536
5252
4220
1045
2984
1669
4246
7532
1447
5079
7238
4397
2587
1052
4766
4816
5741
3323
4451
7432
645
1490
7605
2992
2920
2449
4819
5810
1862
4928
3983
3028
5954
3566
4411
5320
6507
5060
675
7377
4616
5278
2952
2445
7051
5554
7041
2908
6580
7983
7768
1626
6227
4517
4431
660
4349
3865
2170
4477
6251
6787
1388
1167
2244
1988
2734
1579
2974
4410
6048
429
3533
2686
1591
877
3363
705
7592
4203
4993
7024
1325
2207
3053
5783
3160
4167
3624
7293
7670
3169
2781
7957
6127
4725
4560
6590
6713
3996
538
6429
821
6308
1425
7996
2667
6210
4820
6571
5108
2768
1260
3539
7645
6139
3774
6939
451
384
4964
1443
1688
2612
7899
1647
5842
7832
7088
1776
5064
1244
6483
5570
207
3472
501
4688
1108
3970
4848
1767
72
3352
5032
2448
3520
1587
6984
1738
123
3073
1830
5436
6348
5036
3024
2860
2133
5857
7813
636
1417
4918
3138
5413
7275
2071
1991
1597
5989
816
5170
1734
3795
1745
7973
6385
4480
7879
3198
3059
488
3862
2297
923
474
4343
5957
6576
1599
5540
3115
6965
1187
2813
4161
6778
6220
989
3056
2758
1811
2611
3510
3262
2486
1750
1168
3675
3956
1751
2862
3534
2876
5176
7447
2829
7812
6475
7773
5625
5322
2539
4751
7480
3500
7434
6413
4745
4774
2035
7658
6062
359
76
4994
6909
6470
5419
5734
3000
7594
3202
1149
5317
3685
6260
2069
7124
1318
6428
7643
831
5497
3767
6095
5760
2533
2065
6973
5781
7803
3371
7196
4642
1041
5105
4085
2453
6407
6136
1253
7023
7042
4497
1967
3716
5391
7734
7140
5332
7887
7494
4495
5875
5671
5851
1408
6937
4237
2143
275
3252
7917
2380
1880
624
983
7806
321
246
2938
6553
6749
4196
2785
912
5210
7471
269
6192
3116
3113
7522
7317
6751
3212
1905
6480
1431
7666
6850
4954
2958
7754
5915
610
1926
6107
1801
3861
5505
6111
4276
2390
6645
5245
3662
3582
6352
1613
3873
7498
4721
5438
189
5666
6896
1572
7673
1430
5205
6541
7730
4016
6383
291
3511
4530
4374
1897
7493
5886
7523
7391
2808
2912
6927
2595
5868
2211
6586
6726
4348
3366
5832
1836
1944
3722
5394
4194
5890
7544
1692
2894
6335
5590
2594
3548
4727
7998
7818
5527
5827
2901
158
730
2718
3280
2537
3100
4073
6248
7333
2779
6632
3390
7221
5964
4540
39
1819
897
7308
1778
4415
1642
782
4853
6806
6307
870
4149
4168
4063
5155
233
555
7247
2032
1450
7115
6955
2374
4469
6162
5919
2985
5477
7479
5084
5028
1928
5489
5022
2148
1089
3181
1248
3437
6810
4634
5933
4710
5813
5647
2384
1609
6750
2465
3729
5535
609
7984
7851
7864
1196
1384
2598
6961
6791
5207
3637
902
6640
6704
2240
383
3834
5502
2691
110
3470
2877
1768
1507
1158
2508
5597
5454
3928
