2
1870
335
58
290
382
255
257
1436
1854
648
779
1850
1630
191
1546
175
1670
824
884
862
325
178
379
676
1365
1330
1036
1184
1343
855
1216
1525
74
1271
69
5
1087
570
188
198
1414
1116
1781
386
1290
1967
1424
494
1304
1646
615
189
1894
1209
1809
192
1465
1041
1904
898
1346
1062
73
878
639
1917
1559
245
439
218
297
806
129
399
1503
1918
139
646
1034
823
23
381
440
1636
1313
553
1968
351
1783
827
1422
1824
1122
1156
97
479
1832
1190
1746
818
795
819
1130
165
1133
776
1232
463
157
1812
1615
632
469
738
1689
1727
253
605
1398
589
1030
1444
1045
1404
1983
1145
1480
289
1264
1644
153
1580
137
1567
1286
278
794
216
140
557
1996
500
448
1676
857
34
1576
1246
911
90
1085
1555
1752
858
1577
281
397
1111
275
1011
1399
254
854
1081
1858
1323
1880
480
1400
1344
1586
1434
874
1437
1017
185
1043
1395
249
1565
988
1048
95
1462
1091
804
196
948
1716
1074
1471
1667
1459
1387
89
