4
1121
1685
1243
364
52
682
344
645
702
267
331
630
432
459
504
1442
886
148
407
566
1834
1708
786
221
665
134
1159
401
956
1472
740
1136
170
627
1440
1078
1611
733
35
17
1214
572
326
1429
436
120
699
1385
866
1173
462
940
1446
76
1869
1725
474
507
1175
488
445
1909
873
730
1108
384
938
213
1220
1543
240
856
179
521
316
705
710
107
1965
108
1272
1388
1999
1235
798
1588
1428
1571
1511
1932
341
1057
296
1080
571
1625
1891
1974
611
1551
447
527
1527
559
965
1178
1526
1475
1729
1787
206
1139
330
888
114
486
822
1287
1407
1026
1802
859
1638
560
41
12
211
970
1050
742
1553
1105
1587
93
345
799
1009
29
1797
1959
1584
558
1947
314
1354
1668
1822
194
788
782
983
323
734
193
1776
1853
1657
622
780
435
1325
868
239
1015
101
423
1753
1328
260
610
420
1984
1549
1938
96
820
1682
150
1771
641
28
110
1875
777
612
141
661
749
1141
773
261
322
1589
453
598
1654
121
115
596
105
187
832
664
962
515
1697
441
1799
781
1249
1294
1110
1261
619
1298
68
1780
348
25
863
24
1198
1064
491
205
1314
1785
1201
1279
1761
607
1813
442
913
195
1818
1600
1250
523
1502
180
964
1679
944
1921
1811
754
802
378
1194
880
1986
935
587
61
1948
636
695
1640
207
1531
712
1808
48
650
770
7
1859
1033
1796
168
1487
675
1881
1054
410
1721
729
146
1766
1478
750
501
1877
1532
288
365
1647
294
846
813
1720
1147
1847
1998
1037
1792
617
1305
1495
821
333
1028
30
1712
980
370
1678
717
71
769
495
1320
1817
848
1051
864
1928
1118
1113
1621
936
811
1742
1665
1494
1578
1707
897
22
92
1283
478
1562
1431
199
181
893
683
1620
1182
1650
393
1949
808
1993
839
293
103
674
973
1649
1687
614
707
604
1474
680
1518
1737
1648
174
1826
1583
1289
1089
1991
1609
1942
644
1985
1254
1513
653
131
1114
324
1607
274
396
302
1702
1906
763
1972
1070
1572
229
1747
1765
677
1157
581
6
1200
416
1317
1234
1845
1677
715
1568
1741
1626
1187
1076
1819
592
1394
332
1143
390
768
1014
1376
1539
718
1300
1349
352
403
1820
1963
1827
961
979
1885
543
1244
1029
1976
1339
300
1039
320
525
80
1100
59
1016
1522
173
1726
243
516
87
1266
931
1756
1245
1585
493
1189
1979
1469
902
430
1597
1623
643
368
1627
1794
933
377
1151
703
298
1944
697
375
63
271
1221
603
1510
833
266
449
