1
6424
1645
3721
7779
2878
7387
423
7380
4197
5979
7050
1560
4661
6437
2222
2538
6473
7190
5639
88
7700
1911
7801
2155
5910
2201
4959
5655
4886
2886
7725
6099
7525
3618
3877
3828
5972
1301
6233
15
7259
6540
5998
1154
4035
364
5878
3016
2652
5694
3953
2582
362
294
6809
352
2526
5068
3251
4500
788
927
825
5948
1433
3034
2328
4839
2413
1205
3110
5199
4709
3512
3707
7587
6628
3446
7750
4870
7860
6146
3130
5621
2439
5611
6374
2801
1420
685
2731
4895
1266
7146
2412
4986
1818
5229
2542
1153
6991
3777
4981
1140
1194
6066
4487
5697
3104
6881
6012
7872
5737
6120
6728
3810
1567
5901
4850
4195
6789
5653
4033
4501
6918
4244
864
2356
1933
7394
5631
2963
1839
1315
2271
6643
2056
2661
4975
3930
757
7004
396
4903
5197
1182
854
1137
975
5216
4834
1072
5548
1849
1502
1860
512
5266
6008
1524
4313
425
5358
5267
3096
5932
1808
7929
2431
7287
3528
671
566
2326
3493
437
7136
3796
1674
3393
4612
5047
4080
192
75
5464
1582
3690
4052
1545
7854
4107
4951
4778
3467
7138
2038
6116
1365
2820
1795
7639
2151
2949
5386
7928
611
4641
389
6461
5259
3405
6672
1486
7220
3313
283
6530
5007
5136
3092
5605
4393
6287
1165
3806
5456
3771
3136
1162
346
6583
3276
5753
1193
7344
4238
407
4653
224
3913
6907
6860
6484
1027
1351
5738
3143
3879
3447
190
3653
1070
3325
4569
5926
6124
4618
5127
1305
4921
5192
4694
6076
4460
3400
530
6180
1360
54
2110
803
3804
6946
2
3353
7793
496
6849
204
7226
380
5565
1481
3236
5627
2118
415
3845
5143
5685
3916
3245
2522
5294
1512
2062
1056
3485
1303
2650
3243
1376
5556
1648
554
7798
2521
3868
3606
1853
2381
7422
2704
7035
6343
345
2746
1852
7090
3593
7924
3182
4907
7131
3882
3072
4354
5840
4425
4498
244
6104
4798
4218
6642
3700
7407
7575
2967
3233
4960
3426
2441
5899
978
3063
1984
2301
5417
876
1889
4786
2087
6084
3831
7637
2251
7881
7191
5262
1221
4034
7901
6589
6543
5062
648
713
3819
2411
7674
6393
7100
4554
6682
4665
7281
6455
3889
7775
2296
4613
491
7968
6715
3449
3762
7717
3489
2113
4312
442
2856
3282
5898
5746
5733
3199
6063
2245
5817
6509
6707
6767
5968
4513
7622
1278
2022
2052
5431
64
4592
6914
4249
5709
4979
4537
714
3231
1004
4118
2377
5604
1033
3743
3365
3123
1574
3657
1223
6660
3076
2123
1192
2657
7938
4286
6636
1580
3297
6235
5196
1671
2219
6376
2923
7922
1673
920
7771
4731
1485
2415
4857
6579
2747
3613
4859
4347
7794
6969
4801
4675
4607
5117
4097
7706
3848
6346
2398
6284
1947
5255
3794
551
4936
3288
7972
7351
17
2673
881
1724
5599
3249
1754
2875
5025
4443
5044
5375
395
3404
917
1280
7772
5093
7764
4485
5011
157
3107
7571
4825
3857
4242
6781
767
4268
7117
1428
6546
3358
7215
472
5718
796
2242
1708
3751
7303
2455
6237
7486
3783
6817
1748
3079
6906
6863
6812
2355
4127
1357
5311
2516
7291
6410
4044
7149
5545
4308
1073
937
2870
1071
3677
2011
1473
2305
2442
3402
7326
1554
7274
4366
3406
1741
3311
6505
7911
5013
1407
4490
1775
3847
7778
4298
6792
3241
5973
147
1583
410
5481
6280
701
412
6975
2098
5634
3305
6114
5306
6723
3189
4296
2809
4417
4867
842
3750
5780
7244
6510
4655
397
3094
326
5260
3874
4689
2589
6732
6575
6034
6676
7078
3135
7501
4926
2953
3959
5986
4846
1094
1848
5925
6334
2737
4055
2409
4289
4899
5803
3468
7590
5656
2321
163
193
581
1730
2464
764
1518
6567
1946
5251
7455
5359
3438
7282
1757
6869
7346
5421
5881
5711
1353
2262
959
5384
7058
4713
5939
5223
2754
3663
5708
4831
2600
3441
7946
1363
6349
7859
4344
4902
2996
1792
5012
5991
2842
7521
2939
866
1198
4684
6056
3818
7989
2794
7433
7720
3429
7381
6538
2834
1475
6273
1352
5049
875
2767
2202
4742
6154
3380
7118
353
3505
3650
5575
7451
6878
1826
7277
3866
1625
6915
2806
6102
3102
6862
308
1959
4644
3490
6182
3146
1782
2108
879
3015
2738
5373
4140
1901
185
7010
2844
1386
5950
3967
6685
5056
315
5622
1581
6457
7789
7298
4166
1879
5758
3640
4906
7483
5343
7542
4671
4837
378
1498
6398
3699
3665
3361
5903
4365
6134
1497
5893
1809
5723
5073
6373
7891
289
4245
2941
6200
5213
2764
5791
3218
2833
5802
149
6316
6933
1764
1203
2329
4609
3808
1796
83
5523
656
1968
1902
3852
4734
4881
6003
1629
5147
5492
5462
6358
3188
7147
2810
664
895
3364
4990
1020
1536
1350
68
1676
1457
5422
332
3746
5942
7481
589
6319
3163
144
2178
2199
4910
2998
3789
6496
628
7192
4017
6585
2905
3604
884
3038
828
2787
235
4527
2675
5054
1133
7137
1505
1532
3420
322
6625
522
724
4225
7184
3641
2288
6291
1392
4620
896
4256
3408
2358
4493
2289
4557
846
6072
840
483
4847
5894
5289
3894
3622
6350
4894
6014
1559
3476
4691
4059
3071
4208
6211
4812
2792
2563
1400
1152
7354
2058
4119
3811
303
904
1989
2308
3820
747
5663
6951
5432
6827
453
7912
5140
1755
154
3787
1508
3658
5225
1845
1019
7619
4134
6600
1682
7921
1369
3101
4756
2433
4192
7604
7228
6941
5864
6983
7855
762
30
1189
4150
3891
3061
1894
3443
4761
6794
2081
2353
257
5461
3513
4223
7729
2640
3166
4919
7759
1797
3436
6513
2223
2580
2911
3508
1737
1482
7991
188
5682
7121
7829
3791
5156
5271
7353
744
6717
4626
3766
5754
768
318
5573
5050
2481
2195
7101
7816
3395
6893
4992
613
529
1372
3507
6265
310
4821
6238
3032
5118
5990
1307
7018
3583
4920
3501
7156
4683
1222
2027
7777
4595
7376
3654
534
6866
358
4461
482
1166
256
2799
777
6004
4505
4405
4261
1074
661
6239
2770
242
3185
7216
2733
1612
3666
6361
3058
1509
6637
603
5169
2986
4090
2702
5338
5484
4388
5959
6282
2882
593
3054
97
525
1394
3719
7086
6375
2692
7662
1877
5000
7396
3600
650
4029
1445
1132
5113
3310
4102
5609
6149
4770
7288
7214
7358
2562
2290
588
6679
612
6206
3391
7677
7185
6891
6746
4101
3903
2935
6458
4514
6926
5703
3575
3977
7141
5613
5911
1687
1346
7502
1954
706
847
2947
4407
4823
5823
2560
5057
1620
4098
3430
1589
922
3946
7760
7089
6814
5576
3456
7954
7688
5272
7509
5946
4129
335
447
7581
4509
5978
6327
2212
7080
7533
1552
5230
5504
6477
5870
5493
373
7419
1217
7074
5845
445
7073
1758
6835
888
1331
669
4878
7653
4378
6452
4755
797
5921
5154
4135
4950
552
1364
3093
1297
5913
172
288
3187
3263
7863
5444
3454
3022
4649
4333
1539
3578
3901
3651
4453
7055
3401
6698
639
932
2884
2225
1010
462
6837
2774
5114
2459
4716
1480
2100
3723
6371
6740
4116
921
6394
1846
1731
7671
1595
93
2161
7915
7942
3745
5587
5144
6694
2479
6730
859
7519
7672
2990
1272
3698
6988
6478
6129
4335
2898
3659
2467
6601
3357
666
4805
3139
3488
1630
2641
1229
1001
6800
3278
3747
7485
7348
1878
7559
6418
4445
6626
127
6281
1736
543
2093
7367
6752
6665
7251
3883
2023
5830
1565
7025
1657
7500
1336
7474
556
5740
7711
6518
5063
970
4065
7702
3392
2218
7470
6516
6503
3509
1160
4681
4463
1284
5820
1179
2682
150
2811
5704
4930
2955
1798
2061
7186
4704
5792
6199
4715
892
3800
848
4789
5031
5976
2067
7783
6699
2313
5670
2126
5380
7464
4233
7126
5724
961
230
458
3078
1662
7097
1823
47
3773
338
1913
1646
1729
7530
3002
7408
5879
5546
1701
6027
5387
5107
2314
1066
1876
1096
3005
426
112
6097
6920
2403
3899
539
2049
6963
3841
2910
142
1588
5732
2340
826
1459
3960
2620
53
4544
837
699
6618
6801
3370
411
232
3896
7640
2029
6010
868
3890
22
3598
6122
7703
1934
5485
5334
4524
7135
7762
7150
3990
7361
3974
1665
3317
6147
4121
770
5571
6214
4528
3460
4057
3259
51
2230
7319
2371
2653
3887
3555
652
6075
1043
2752
4744
1885
5352
2618
4030
7403
7213
320
5407
5833
5549
6204
558
4711
3299
5553
1641
865
7127
7175
7661
4455
6253
5626
4900
638
148
3178
2568
4656
5139
1065
6693
5003
3042
559
6521
2807
5435
2507
4972
4775
3926
528
1262
4643
6700
2188
6313
1683
3798
6468
5836
729
6171
2553
663
1265
3824
454
2294
3487
1031
4258
7782
99
3577
6552
7562
155
5645
7713
6892
6255
7738
102
1138
1225
2064
5501
2756
7060
5061
1296
1092
3895
7009
4010
1161
1113
7279
4112
3784
7631
4160
4159
1035
7630
2215
2375
405
781
206
7593
903
2209
6745
2097
6677
5133
1965
1777
4606
994
720
292
5779
1726
737
3558
1632
2283
1725
4947
5495
7209
597
6557
5146
1958
2916
2482
1910
4674
4890
7510
7336
4648
4813
1025
2259
7204
3633
602
4633
4068
191
4232
6322
2171
5288
6547
6820
5873
5846
4179
1939
1184
7540
693
7462
2637
4130
5614
2175
6948
4932
5219
3342
4143
