0
1964
338
363
1132
1935
1612
1804
122
2043
1206
599
1394
1189
1704
1167
1491
1452
1291
605
985
929
465
637
759
1156
1905
1543
195
1669
1120
425
2015
1998
1986
1467
722
2
1960
590
54
1175
342
1486
436
796
728
253
564
1737
53
1501
936
784
327
1389
1010
52
252
692
921
1178
145
1912
1843
1387
175
1456
670
1837
1236
1067
604
1881
153
1063
1021
1396
1093
114
1089
1443
1638
319
331
1788
1899
1538
846
961
115
1402
1395
242
2032
1215
718
1720
610
1929
732
1142
552
119
986
1429
1312
1216
1483
1045
1272
1940
592
867
1776
455
1340
377
111
1233
904
58
1227
78
322
260
1809
737
1637
1305
1111
1503
568
1914
1102
1552
72
245
38
1352
1431
1767
2085
1515
1880
1419
1237
836
951
1338
2002
1281
684
1824
1493
2053
1736
202
516
491
1675
310
920
1086
843
402
313
1108
755
1069
1370
1911
1020
1661
998
210
515
1478
414
1610
192
602
1656
301
230
1128
2062
1446
569
725
680
981
792
1927
315
224
1449
707
1145
458
862
312
1479
1588
274
1061
1422
1937
190
448
760
1374
1009
2060
326
1139
665
519
1954
1635
446
1691
1383
1888
1137
789
1168
220
1263
1818
657
2009
573
1023
1278
817
499
1883
1241
1684
1047
1951
416
81
86
790
1117
1201
1718
2025
2074
204
556
1522
468
1414
1632
488
1066
1991
520
612
263
2040
166
776
596
1210
848
1348
2082
1288
531
1253
91
51
1996
832
1928
1641
1674
1556
405
1722
1934
2083
379
134
1719
1875
925
1892
1249
539
518
1667
1582
1807
100
504
766
2067
629
2055
1774
915
1037
510
1987
1613
748
1820
1655
221
702
1733
213
1046
1970
2072
567
1271
1958
1293
693
899
494
1364
1702
1879
944
1679
1910
362
601
1979
1782
1179
339
406
696
2075
1536
2026
231
779
1784
205
812
762
1279
912
995
1360
1438
474
1173
1528
849
259
937
2051
1622
669
2070
1319
1919
1615
1519
399
1562
1033
720
1682
1316
579
409
841
1447
1031
589
1668
806
873
622
1427
214
2011
666
437
810
1460
479
1763
541
1306
1508
668
1098
1096
1949
1015
1068
1304
584
1336
1053
683
550
1075
1477
1268
1918
191
508
1839
351
865
364
1603
127
13
1931
424
1579
645
1464
1877
187
1593
1992
1903
1775
87
1321
1520
1917
1470
578
2005
1765
1920
146
756
1437
1923
1400
1831
3
181
308
1418
2084
279
1606
1112
1331
521
46
706
96
288
845
1152
208
1398
825
449
2044
375
754
407
826
965
1300
430
95
782
1343
329
383
916
1847
1420
360
1913
805
67
270
1275
966
61
835
469
1965
1527
1245
1946
349
1496
