4
1670
1169
1867
1411
2004
1297
1490
2008
608
1654
505
90
1011
979
1295
890
1908
490
1507
1862
1573
1518
1049
29
671
1485
218
64
1498
334
1119
815
447
2052
102
1625
1662
371
1459
41
1962
677
901
1471
1823
1363
1728
1953
804
484
1070
321
1895
1878
1190
1708
1042
1401
798
272
182
535
223
222
82
1768
135
1803
1026
483
1968
524
2047
613
495
116
269
940
353
1085
701
787
1505
74
1578
803
886
403
438
2066
2037
76
1985
352
1337
1392
1902
1642
452
1122
415
1639
1942
824
346
570
833
910
34
763
1105
1207
69
482
917
999
1752
1740
1294
897
170
1695
1957
501
903
879
914
382
1609
878
188
1435
1707
770
15
2034
542
498
5
994
1377
1529
1658
990
361
859
1724
1344
716
2094
982
1091
1584
391
1947
957
739
1164
839
1038
354
1841
317
283
1812
711
1534
714
1276
1716
1660
736
22
740
1083
562
418
178
1013
582
811
2093
25
634
1124
1758
1161
1535
894
1974
1005
1636
1627
698
1301
842
1698
633
1741
1602
285
729
303
1150
1565
1358
1473
370
1559
2000
1323
1155
397
8
2031
212
906
369
673
1056
1016
1060
1597
247
583
783
721
638
700
59
149
2090
554
358
1850
771
656
2038
1959
1012
70
171
1282
435
445
1100
1723
180
1694
55
715
2020
79
546
1857
543
1386
290
1644
1159
209
662
952
757
642
323
155
1022
1574
2035
626
193
1676
2014
1036
512
1439
1481
1811
1191
620
526
1080
1577
1318
45
1138
165
652
1269
355
411
174
1285
1255
1709
727
1872
1260
160
746
1347
1871
173
816
1310
688
924
682
413
1783
2019
575
1611
1933
226
1280
1600
1845
507
742
1688
870
1540
2048
1605
392
1198
963
1148
1779
1334
1059
660
2099
767
131
1174
949
1084
359
266
1864
809
1388
1406
2064
1375
1262
909
176
1560
889
1797
460
1232
1277
1659
1307
551
1640
1869
822
332
277
1454
1302
980
163
1341
807
781
1789
141
481
593
1771
1525
502
506
837
1703
1403
609
1125
239
1286
1101
1162
1739
387
1158
281
1548
302
1725
1426
1791
1410
337
56
1118
765
80
1035
1379
649
1476
1455
453
854
934
1077
923
168
2098
1354
1732
1906
600
1649
905
1405
881
773
1988
1461
1852
1860
1822
938
183
1697
410
1677
591
1361
1440
1524
863
1989
838
1664
450
708
2018
400
1194
398
1273
1549
1571
151
1494
984
1135
640
1511
1204
2071
1365
1205
1856
1165
1590
333
130
461
1220
856
1764
572
167
1472
123
1700
1309
1983
344
316
1362
761
1109
1672
1569
1757
227
1955
1876
1854
1287
1153
1950
255
577
336
73
280
108
1705
464
618
960
1645
1681
555
118
1717
2069
1734
388
1107
968
1944
1003
408
1545
744
1324
774
730
1270
647
1448
840
113
1247
264
538
1539
1891
434
1887
1851
1231
305
1873
1320
1367
996
139
372
1517
1235
2061
1296
1710
749
184
1760
28
1079
158
1626
1082
1317
1502
632
1130
254
1265
1801
1853
1475
1815
476
454
745
1144
1195
1024
1759
1833
681
530
1500
251
1349
150
558
1369
1129
1994
1246
1106
939
1146
121
1209
1521
1731
801
896
19
1981
306
1074
2003
1554
