6
7061
5563
1948
7343
6833
5996
2681
5975
750
4652
7992
6015
3344
4153
5607
2348
5654
259
6404
3616
1049
7417
3087
4325
1068
3838
1389
6727
79
3813
3312
7683
4673
637
6802
7026
7601
2649
5374
6360
3855
3201
2435
596
3411
5906
7365
6181
7628
4321
5929
1714
1923
498
2630
5691
1201
7487
6218
7886
1341
7496
6071
6581
690
1896
4464
952
1476
4396
2979
6118
299
4836
7715
845
3314
4093
7468
850
508
6225
2000
4799
691
2055
2684
1082
929
6178
1865
790
2849
4100
6187
6384
6011
5982
1245
1468
1156
2852
4614
103
2260
3571
3478
6257
4748
718
3221
3316
1281
497
7766
1271
4103
6780
2514
1434
2796
298
3741
7549
2248
3334
4404
6153
6168
5039
1276
2760
4504
3004
1219
6657
1912
7188
2590
106
4757
250
3603
7328
1105
4426
731
792
7927
3329
697
677
2136
4355
1015
3812
2723
2117
7563
3431
6096
998
607
1173
5020
1144
6544
6673
6753
3638
3302
6741
4824
4124
4765
4337
456
1429
2812
2639
4380
2322
999
7985
7694
3645
3744
3428
545
4147
265
3809
6885
6342
3724
7609
600
2988
6598
6564
2978
6417
7811
5323
7657
2263
6296
3397
7888
6161
7269
1446
899
1634
5351
1719
1131
42
7386
1656
1375
6166
4391
7586
5326
4790
1452
4216
7610
16
31
261
4883
6760
7723
5999
3161
6987
5482
4363
6846
1867
2269
2205
3907
6247
7210
23
7665
2165
5543
6359
3587
5572
7267
6472
1791
7066
1099
7804
3338
4330
3318
7460
3689
7340
5246
234
629
5204
2085
3462
521
2333
4735
7062
6039
5274
1805
1850
7595
4466
6829
890
1810
965
313
7111
7330
5173
140
2788
3727
7585
6020
7458
7056
2325
1343
5776
3599
6703
1793
5988
1021
4432
3573
7916
2124
2771
3003
2997
3630
6024
7491
5287
5257
2933
4402
6912
6110
3427
5466
4769
6911
341
5876
4698
5396
4111
4319
5720
2680
1528
6811
2180
5537
934
4737
1851
7554
583
1950
2881
5017
686
4449
1090
2043
2632
1660
5756
3027
4788
4915
4693
4898
7974
4912
2272
3207
6353
3246
6533
7437
5077
5457
3980
4763
6446
1966
1715
4747
1972
6711
3125
772
121
2220
2103
7145
4473
7747
4917
3451
228
3714
1986
2766
7166
28
7655
3708
7099
5297
278
2786
2349
4582
7310
7512
6408
7296
4503
2235
5150
86
1405
874
7543
3452
6960
1234
1743
3562
5514
1804
1164
2928
1779
1983
5677
4027
6795
1355
3227
3955
3952
337
3237
4811
1340
1064
5249
1774
814
1882
3095
1633
3026
6873
3552
676
3448
644
2367
7385
2782
1677
6735
6867
1237
4764
5314
249
5577
4516
7283
4441
2385
2104
7105
3829
7085
3403
4539
4598
6744
6725
5149
7570
5668
1653
5869
6133
2931
1756
4172
6469
4621
6501
41
1817
4541
7931
5955
1339
2832
5940
5808
2943
4677
962
2668
7211
4470
2483
643
6624
568
2765
7727
3109
4840
2239
3077
4828
2493
7043
2285
4285
5190
5090
3734
3261
3713
7770
6377
4692
4048
21
4400
812
6486
4456
414
6714
2798
3247
7082
5713
3679
6709
3984
3354
3495
5474
941
4615
4126
4965
540
3279
210
2310
5035
6838
717
7580
7435
502
1176
7233
5086
5138
460
7252
4862
7286
5722
3057
5503
6328
4169
7021
1832
4502
5131
1814
7446
1544
1107
262
4956
4458
779
4934
382
6504
5344
5786
7959
7511
2631
679
7305
5662
2200
1899
85
6666
2077
889
7858
580
7162
986
7980
608
131
3195
1232
3923
6174
5847
3835
2034
3418
5854
3772
3132
3220
6872
6816
105
5727
1123
5794
3013
3553
1125
4679
7116
630
6763
6900
7823
2127
3219
2039
2557
7611
340
4309
829
582
2944
7668
7752
6131
1555
5771
4695
3496
1317
6908
3893
6858
6602
7684
282
7426
6362
7194
2075
7094
2158
3200
2836
151
5863
6847
4263
419
7627
5367
4724
4205
4650
3833
5700
2795
212
2823
1854
7040
1172
2819
2174
7632
4050
6729
561
4038
6164
1824
1501
4945
4087
7278
7
7197
4284
7614
3306
1406
2922
3469
4512
7092
7508
182
2298
6883
5033
3036
6770
3711
2275
740
3012
4004
1590
1367
4301
6996
7497
4568
2512
7375
6785
3359
5423
1258
4924
4420
5470
931
6524
2697
4176
5037
4835
1943
1250
7392
7731
1418
5763
2891
3114
3457
919
1387
505
1465
2017
5440
1255
3399
6511
4412
3085
1566
440
4891
6978
5395
721
1727
3083
2946
4078
3934
710
7527
2463
5393
5924
4290
101
6367
4314
2993
2511
2026
615
5963
2106
6476
1678
6895
7337
6594
1635
5828
4081
4151
7906
406
4888
2712
1546
947
1233
2399
4927
6701
330
7253
7704
7173
5142
5183
2468
5907
1543
5552
4732
7654
614
7635
2268
564
1689
1401
2621
2636
2577
3749
6271
5984
7492
7841
3435
6974
4808
2072
3287
4227
5286
4589
4092
5877
7382
3669
1023
4448
4647
1210
3244
4955
5265
2918
1607
5529
5555
2608
6412
1733
1299
4360
1395
7664
7933
2307
3273
654
2152
6219
3572
1695
4023
2434
5048
1292
1076
5701
3775
4856
5293
6634
2740
2547
2705
6269
5348
2397
7584
5475
7756
4983
4669
6288
1981
5892
2973
1110
6748
4685
2406
976
7436
7427
1531
4664
6493
4110
7420
2120
7098
739
1136
7885
2299
6650
6453
1213
6995
5282
6848
4264
4022
2196
430
1614
7454
24
3760
7828
7735
7292
7582
1784
4728
2868
2658
3612
4209
7745
5325
4525
2565
3527
5651
6306
1391
3387
7064
3304
7505
5398
4543
3636
6042
3127
3589
711
575
2847
915
1789
1349
7414
344
2976
5414
3732
4204
1707
4303
6274
3120
1624
5024
6167
139
5695
3018
1005
3223
6121
1495
6258
4291
2147
3524
3351
1523
4376
7999
738
2135
5443
809
4421
2337
6339
2115
271
4963
2709
5312
6962
2166
780
7374
7311
2945
4336
6936
4659
4069
5194
3614
4784
65
6608
5569
3705
7304
5816
6651
1117
6297
2655
3274
6426
3987
5119
7148
1188
5524
3192
6696
5178
6226
7327
5070
5642
6945
2217
2839
4079
7034
3843
2362
4408
1088
1051
3149
136
1211
254
3620
6582
1681
1014
6488
7113
4372
134
7168
7369
4529
5100
3019
926
3140
3150
5610
1461
1875
7231
7322
2670
1585
6928
3321
5310
5945
319
4257
441
599
2446
6388
7686
6981
3965
5797
7761
1493
2671
7295
2012
2841
356
2679
7809
1046
5762
3850
1772
5904
601
1472
3007
1557
1060
1170
452
504
7359
7709
5300
6531
1254
7900
5029
6025
5342
260
7526
2319
7667
2422
4026
2197
