3
3544
1519
955
2890
6205
1655
2351
880
3801
7930
1820
6857
5908
4905
839
5171
7600
2757
3736
7133
1053
838
3148
469
7853
945
6950
1462
418
3655
5490
7765
3208
1622
7910
7364
726
7687
766
7106
5856
7642
5082
3388
4877
5279
7355
5895
7608
1693
443
765
3752
1411
6471
6324
1728
3051
7143
2617
6568
872
2694
5428
4911
366
7626
6190
1506
3768
7240
7719
3995
2140
361
4074
3900
2387
7335
3837
7904
494
1181
5648
2179
5680
3807
5947
6959
6449
1856
570
464
5038
5004
4619
2457
7440
2345
4188
1174
216
169
6300
4241
3301
2623
6018
7077
2977
1268
3871
2224
6902
5874
4625
696
6923
6804
662
1888
6278
2583
3631
760
2800
754
930
2250
4662
4974
5331
5401
6855
1886
5902
1969
6277
5191
6593
5736
7969
3737
6293
5416
7151
1564
4
7484
4923
7423
6788
6402
1606
4559
5838
4550
6712
2615
7932
1615
3688
4880
1057
120
6638
4259
6492
1517
6217
5935
7410
3797
3210
1419
500
5500
7307
74
6186
5346
70
6970
6399
2605
5661
2607
1938
3379
4401
4198
7875
3875
6079
2146
3948
6689
6836
7940
3549
6036
1226
2024
1180
5377
3898
1995
7254
1440
4185
4435
940
4852
7705
957
3242
3229
7692
4262
5887
4793
5681
2494
1241
1704
7976
4519
5449
6599
7416
4294
6560
2515
5164
5819
7892
177
942
2241
882
1150
7647
6875
5277
7518
2532
2443
307
5439
5731
5532
3413
6315
3080
4826
4439
1080
4892
7428
1055
3484
5619
1696
115
2900
1306
3526
2817
5579
7239
48
4931
5200
1489
6128
5764
6203
5557
7003
5307
408
6921
6369
623
3717
6005
1841
7539
963
7952
2888
7091
805
5542
2674
2846
2378
7108
1050
5094
5296
3442
2573
3328
5997
2139
6372
2331
4706
7534
2092
2094
2073
240
7718
6497
6364
7963
4436
7856
5652
2394
7342
7820
3694
2475
7615
6584
2838
4390
5961
2550
2726
7598
5778
3939
7726
3918
1891
1773
1424
354
6669
1464
886
1699
2452
2724
3931
2744
6925
348
2950
2410
6030
2323
5566
7842
2604
306
6304
3324
909
5404
7744
297
4423
2360
7964
2040
4106
3909
6668
509
4324
4287
3075
5353
3433
2802
7466
2645
7312
3945
3537
7741
6294
6093
7629
7002
3681
7448
3921
2716
4202
2473
4772
1884
3425
3756
63
2887
7824
1438
3045
2278
1663
5693
3184
1148
3374
1996
5221
5595
7180
1403
3536
7176
683
6890
4277
1760
871
1931
6231
1785
3010
5592
1945
3502
4437
6432
7597
6138
527
3917
7603
4629
7415
5728
6508
571
1639
1251
7689
2628
2893
2762
5993
924
7225
5777
5531
4739
4682
2683
5399
7905
6992
7506
6419
1861
6721
3474
4356
5253
6035
4802
3398
3815
6191
3971
5679
2872
2500
5860
3634
3648
3281
4260
5388
5427
5630
2546
1974
1264
7758
4938
7401
844
4506
5177
2616
2555
5015
6403
6738
6113
4000
1500
5478
1740
1011
5664
5518
674
4815
4254
325
716
4510
7967
6537
810
6245
7048
6465
2031
6659
7005
3888
222
6759
7620
4288
5559
3840
3238
5009
7163
3290
2006
2427
2470
5796
1759
6006
7691
6459
5885
1366
7567
5471
2584
2541
4949
300
6641
2037
7517
226
7599
6971
3986
3421
1790
531
3289
1067
3384
5591
1975
2685
104
7988
7897
7256
3255
992
1627
5508
2827
2213
2364
4446
33
3172
3911
1195
202
7868
4305
5349
1937
87
2567
1786
2999
5453
7682
6614
6351
3969
305
1887
2231
5970
2192
7260
1178
161
1917
5263
5488
7299
4792
6942
4982
4399
7561
572
1147
6592
5884
2014
7395
5567
5871
1821
2114
7224
6500
7556
1122
5206
4491
7514
5712
2676
4371
1863
448
433
3386
6344
2327
7313
3145
5896
3755
5106
1313
5115
4056
2816
1416
6261
1771
7669
5560
1551
7971
205
7171
1993
5618
3691
3205
6774
1510
1007
7878
996
2772
4893
2666
6272
7013
2534
7096
3978
4212
1586
4053
1873
2981
7199
3912
6295
632
6140
5130
4200
7503
964
6019
1442
5844
2915
3234
1604
653
6671
2566
6336
5969
480
5473
5188
2951
3417
5076
4830
1593
6739
7541
2687
3538
1412
2525
1994
6242
2099
493
6994
7679
1577
3345
7325
170
5243
1550
3117
3331
520
6710
5826
6545
2361
5837
4658
392
2924
3788
4282
4777
1962
2579
6843
6073
7390
6612
5729
1422
5835
5085
979
598
1929
117
1109
2386
173
1246
6949
6606
6574
1855
174
7255
1252
4944
2962
802
2648
4364
7788
5234
2484
3275
5960
852
4767
2186
1029
1186
5965
3419
3676
849
4427
2274
77
3954
6719
4351
7020
2638
4818
755
1243
1631
45
1034
329
6299
4120
1558
5264
2160
2016
4362
1124
2270
3270
2491
6298
4368
5046
5355
7877
6414
5160
1906
672
7181
422
1636
1530
2116
7680
6022
6397
1017
3514
1202
4896
5189
2338
4113
5558
2287
3591
449
7825
6631
6824
5292
6525
7102
1116
1146
7732
5299
1427
7079
789
6215
5324
2462
6807
7902
5659
5515
4217
7941
7412
785
4690
857
6333
2203
351
5516
4060
7993
6467
7675
708
2105
3964
3226
2194
7553
819
5448
7445
5452
5134
2004
728
3920
7862
6482
164
6522
7345
2167
7894
586
1857
376
972
634
3728
5519
4047
5784
3957
5231
5934
6169
385
168
2698
4580
1893
4762
208
5102
2719
1829
1562
5582
7384
2303
7943
4534
1484
6250
5747
1628
1114
388
6929
3475
7263
548
3601
7757
5217
827
4666
6312
938
2531
5658
111
198
5185
1256
689
7739
3008
3944
4889
2720
2743
4125
5905
4558
7690
2335
7272
6189
3477
4384
5319
4306
6919
5045
7068
4243
4041
3596
2156
1079
7017
853
5620
2408
6201
6615
5180
6539
4352
791
5041
2927
1691
1263
773
5283
1668
3671
626
5602
4088
165
6185
7822
935
7536
5089
5092
7276
3867
5238
969
6768
2009
124
4548
5538
2163
4845
4152
590
109
2663
1126
4481
1322
5303
7649
4326
6859
2498
2183
1973
5585
2805
279
6177
6198
1864
116
3049
371
2848
4719
1870
6263
20
2432
5081
6980
4874
3134
1048
2193
4028
1371
893
2476
5730
4328
1951
3030
4733
954
2597
891
1103
339
2861
3832
3557
5181
4064
4885
6613
1652
5643
7865
2883
7808
6366
130
2991
1720
5684
991
5078
6644
7054
3782
5273
2184
6157
1746
4631
6844
5241
7439
7262
3742
3060
4939
7651
3541
5383
6563
11
2280
3039
6734
6611
3932
7123
7515
925
2730
5761
625
1488
7177
5172
3731
7411
247
7596
3733
1358
2233
7019
55
6803
7271
6868
5669
1044
73
2528
4045
7132
3225
594
7961
4758
2907
5494
2909
1596
2917
5179
3046
5581
5302
1402
2626
128
2783
171
3765
3942
2572
2276
2585
7746
4814
2610
2644
5195
5872
4341
1197
1075
3615
3492
6163
3439
5716
5688
1337
5665
195
1319
6236
2717
2748
778
7936
6485
4424
5019
6033
1003
2678
5615
5800
4797
3908
2721
3754
3937
3350
7504
7399
515
4866
1522
1321
6152
1332
1018
7104
6089
5629
2392
6086
1413
2238
4754
175
347
1907
2083
7008
3635
3228
1766
7490
5379
3564
5409
4922
3595
3494
7153
5308
6938
1713
4841
7558
1603
1294
3581
5097
5222
1492
237
6940
6675
2339
7114
3303
7660
1686
69
1009
3531
52
1961
6769
807
1414
7227
7242
5536
621
5744
4248
6901
7212
6989
5072
6310
3266
7722
3037
6405
268
1399
6252
7728
4807
4729
3697
25
6002
2142
7223
6550
4440
1308
6283
7837
4014
1112
317
968
1143
3153
4523
6588
2830
3378
743
5751
7459
4071
5636
3089
3052
1016
2447
5809
2249
4545
1608
4723
6587
7821
7071
2662
4738
6023
1525
5424
733
2956
5159
7724
4020
6303
1249
4553
7441
3253
2111
4996
3029
3825
4062
6427
2880
5923
7753
7499
2277
7370
6903
4206
4040
3692
2859
7406
4586
4882
873
7838
3919
2571
4865
1333
3565
5824
2430
1637
3372
2316
5855
7398
4810
6435
6687
5472
2198
3625
3647
7583
1129
7431
6000
4219
6332
6109
5486
4726
4406
1474
3710
6170
7167
2150
2128
2138
6790
2084
3579
3661
60
5110
1618
4385
585
631
6126
966
267
1971
769
4224
7475
7698
3099
928
3250
1834
5789
6448
2987
2229
5749
2068
1956
3668
3157
1024
7919
7372
4617
6596
684
6386
2703
4201
4600
6954
7329
3124
3860
562
3144
5766
6221
