10
1653
451
937
1658
412
1596
1075
342
1804
577
1135
353
1953
65
1889
1268
757
1255
1275
1163
1489
1861
1372
395
999
373
1061
1229
1958
696
1934
481
1337
1715
1262
623
514
1908
1240
1072
1680
426
838
56
183
1916
1772
315
638
1423
40
1874
642
1381
1541
306
172
1706
1995
258
853
952
721
1019
633
1273
1306
1966
1066
1893
1828
1063
549
1299
1236
578
1106
415
111
358
1788
850
1751
1256
716
1088
1396
907
905
57
1774
1806
1789
912
1378
429
1608
163
1134
929
1960
161
1035
536
1671
1449
758
1663
1603
1660
732
1661
1556
247
760
552
470
1558
371
1836
1360
1945
652
363
1987
138
286
1878
613
1169
845
1077
1137
953
923
877
1805
554
1018
1610
658
910
1191
1645
1936
1420
1383
1411
1923
796
894
1566
1098
37
1844
1005
752
67
1655
1542
807
303
1366
75
896
362
1868
1252
1865
15
1634
1705
1624
921
1329
626
925
1327
1351
31
485
1643
548
1838
746
1955
128
214
1247
355
1265
946
85
903
158
1595
301
1231
282
269
1044
1777
943
837
670
1032
761
1417
136
534
1405
1335
1308
484
1195
1997
16
1336
992
166
1957
1782
43
1719
927
1925
1895
1280
446
1602
772
1158
563
669
1703
