0
1651
477
1666
400
1142
305
1669
1126
1281
1512
1295
1912
53
167
609
492
1544
1258
1814
1690
871
162
844
616
544
1981
132
1117
547
568
1406
1402
1069
1259
1505
1535
1604
1391
1739
1458
1321
467
869
1507
208
1873
1004
1807
152
1631
1461
737
526
91
984
1713
1316
1883
51
747
1864
1359
1102
673
1971
1863
540
1800
1293
775
1170
340
1090
567
555
327
606
815
899
671
19
1467
1830
766
454
1127
209
215
455
252
1358
119
510
1311
939
1374
1183
1977
1355
1775
1073
391
503
55
182
849
127
376
1484
250
1027
1590
847
963
881
461
1140
1204
1943
1356
530
765
1641
1890
972
1786
1433
1488
466
1862
816
159
891
1439
711
1154
1131
1205
1000
1377
291
520
177
736
686
1516
70
1040
756
741
32
1284
1107
727
1791
233
1426
1368
421
77
1217
197
1168
1452
967
1450
688
656
713
1318
279
464
1227
383
313
599
1384
1267
841
1370
1021
1540
771
226
830
369
1112
817
1613
840
388
1350
1688
719
1699
1734
1872
1736
39
11
668
1798
1837
204
538
176
380
1764
1940
1857
1855
1379
49
1042
190
690
1367
1593
998
26
640
1202
575
317
597
1165
1416
374
1605
787
1778
1528
783
1714
417
969
1897
72
1382
1024
1514
1931
657
1068
1700
1319
1109
550
932
1498
791
739
1755
997
1622
1930
926
748
694
238
1210
976
722
1529
273
1228
1594
1946
593
1710
1803
1839
620
99
1674
764
608
1058
535
1166
1408
843
1835
248
151
1485
359
1684
909
1994
418
1392
701
360
431
1691
1642
1754
1619
681
1233
160
458
483
1733
408
684
1124
1148
725
1371
130
541
1441
649
954
945
1723
1310
831
100
1013
242
1463
389
184
906
584
793
1097
1171
1177
1203
490
678
1486
1022
64
1882
472
594
724
1635
529
1692
1241
287
679
367
759
1980
1675
960
957
1915
299
1570
1138
689
1990
307
156
1509
835
1324
792
1784
513
437
46
1738
728
1390
1763
27
809
33
482
631
438
885
1504
1748
655
1393
978
1167
1606
892
149
276
489
1119
919
1768
1239
1160
778
1499
1345
1237
1023
1225
321
1962
1455
914
1574
1557
1038
942
1397
1523
667
522
1427
497
1501
1125
1270
595
751
1846
803
122
88
502
556
901
1696
1352
1164
1460
272
1896
1730
496
1128
580
1421
1046
951
506
512
392
1569
1153
1162
259
659
487
1732
531
1860
1353
234
265
588
975
1573
1575
1155
1496
1464
1969
1829
79
144
84
691
1563
1211
1673
311
660
1842
264
1612
102
924
361
1581
106
419
1652
801
1902
542
1095
398
528
755
1632
1338
1686
1500
1951
285
133
904
1052
201
1724
66
1223
789
1876
1617
1206
1479
687
309
990
222
1964
826
1924
217
1101
235
232
647
1937
601
1524
1285
1920
231
851
473
991
947
1616
1693
1389
135
1363
81
1369
1179
1307
1453
1899
545
347
1759
1760
263
225
1698
1251
1618
1238
78
329
154
1534
3
1530
1031
1003
1468
1903
1717
1992
1900
406
280
1598
318
36
1552
1933
1545
1886
200
505
1851
1695
1419
1810
402
366
1664
1438
1637
1059
720
624
1749
1550
1517
112
145
94
1007
735
83
336
1219
237
1099
762
1012
836
164
1253
1493
574
508
1340
1633
1538
1192
1448
20
1176
1410
511
443
1297
1849
1867
920
900
621
1731
1905
1745
1409
1215
