145
2460
2054
3530
6913
2131
2654
6141
2282
3535
355
6766
3975
3103
3880
6722
736
1842
2869
290
2564
5782
328
1659
1747
1393
5051
3369
7537
3285
3415
2791
5705
5706
3074
280
3122
7103
6222
1483
4583
2306
7476
557
6793
3362
939
5510
7810
2896
6884
2466
2789
2969
2629
5426
6916
5574
5657
5152
2885
2145
7889
3684
4471
6070
6621
1600
7297
7636
642
5841
4367
5930
5268
665
878
5135
4465
481
1190
2002
3950
7589
703
6320
238
6515
7356
3621
3761
5327
3422
1269
2350
7285
1047
7488
2025
95
974
595
6944
2372
2569
3849
1439
1380
432
1175
1032
6087
2154
2129
3943
5411
618
1680
239
7935
7982
1535
5638
6098
6653
7557
6922
7237
2176
258
37
4146
3830
2835
6647
2391
1623
5825
3673
2028
4373
2843
4646
6952
5900
1584
6718
2727
4961
918
5328
5224
2975
159
5983
4429
2107
4518
6706
6445
7714
2855
3486
7159
3268
7950
6910
1409
574
3597
2971
3265
2007
197
6101
2228
