1
1082
1150
590
1149
155
428
357
1901
569
1457
123
1841
685
1701
283
1049
1341
1914
576
118
117
1614
879
852
1086
1430
241
714
1926
424
1898
1681
1744
1956
805
1001
744
262
532
731
1757
124
1521
1053
693
116
236
202
977
21
1758
995
425
1821
1447
1718
1554
1174
1536
310
828
916
985
98
1278
1929
1180
1104
1628
1120
465
986
586
354
1952
126
1911
499
987
1662
585
427
1856
50
104
1375
1196
356
1779
256
227
251
974
887
1825
915
1843
1970
1709
1833
450
1269
1476
1333
38
1193
1922
1186
1547
1506
1601
1629
1919
966
812
54
1456
1770
422
1801
1973
1564
1793
338
142
876
934
308
1207
1008
456
1989
1515
993
468
277
385
295
1743
949
1852
498
1079
602
573
1887
533
1470
790
1639
797
834
1326
537
203
1722
1226
44
706
918
753
86
1146
1884
1978
1656
872
1659
774
618
982
784
1415
1728
1303
1840
562
1481
143
634
1291
1425
405
1224
1599
1910
829
600
1711
1315
1413
1006
950
230
334
1257
337
1010
434
1172
1188
582
958
42
1296
1185
1988
517
460
591
704
60
1466
1208
409
700
171
292
842
444
476
565
1482
1790
1435
244
928
1123
651
8
471
14
1490
349
1274
1508
941
625
1181
1199
968
1020
411
865
1301
1672
955
387
1735
82
1954
1412
1103
328
895
1533
546
220
564
1084
109
346
875
870
1248
1230
1047
518
825
1740
125
1065
223
268
971
1403
1767
1055
1242
1704
452
981
1292
1848
312
1083
343
1092
989
1762
654
1060
1950
743
767
551
1132
1866
433
350
228
698
561
1592
1473
1362
1094
404
509
922
1056
13
1361
1941
814
1975
628
1816
785
1961
1913
339
9
1312
629
1454
45
1694
1683
860
1492
1773
1129
413
908
304
709
1380
1331
1451
1537
745
1373
147
1879
889
1560
1386
270
1276
1302
1213
284
917
224
1277
1795
372
1288
1519
1445
672
1888
1491
1348
663
1907
18
1309
246
882
930
1831
1260
457
219
1342
1927
1750
1892
1582
1115
169
1263
