6
236
298
1203
235
1432
636
98
973
340
895
1623
421
946
1214
955
1504
563
768
267
1699
747
1097
120
511
233
1738
1685
1188
919
1647
441
699
273
1657
1048
1514
1922
1532
1663
1043
1224
1004
717
931
1523
1714
1366
658
478
268
1114
703
2086
1416
420
21
429
172
1441
1916
959
595
827
1495
1790
2046
373
1149
887
314
2073
1747
574
594
615
287
1780
1715
635
1533
257
1373
307
1292
271
1202
1264
646
820
1939
203
1547
324
1859
196
77
1342
794
1973
1746
1754
627
431
1617
1385
250
278
1303
1029
2056
2007
1325
1541
238
1884
1412
869
169
1160
641
1065
1073
1546
676
1925
930
1284
898
1893
1393
2054
1984
1488
1177
821
724
1687
1492
1907
1838
200
786
797
818
726
1050
1226
1243
1072
1090
284
1217
874
769
1218
1977
1817
536
1499
549
1433
1127
532
1690
148
1087
1633
1813
788
1415
580
970
217
1889
1458
493
1671
497
1181
2039
1712
106
109
1770
1417
1630
975
587
588
1390
1251
1143
2023
1793
907
258
1972
1014
43
1192
318
37
2081
855
36
1184
380
140
1796
1904
705
1126
1382
343
883
621
533
1941
1778
2063
802
381
1794
933
1229
1359
1242
44
663
1621
112
709
128
654
1653
1846
1230
1094
1614
66
2088
1421
1408
1147
1863
561
428
385
1978
1040
891
752
1692
350
39
292
32
1643
617
795
976
1088
687
1339
1743
1631
918
412
2058
201
997
1116
1745
1748
311
969
1001
2087
1795
1221
475
864
2049
161
851
614
987
132
1551
2010
395
57
27
1686
93
1211
189
325
1897
1333
177
831
1652
517
597
1225
847
1413
1484
1530
1798
1966
875
734
216
1924
1665
1506
860
1187
1062
30
977
426
2076
1017
1836
1721
926
443
1208
685
631
240
674
585
367
14
686
900
1572
1805
439
1424
1701
1948
1436
1956
219
1570
948
1356
1785
1368
884
764
927
560
1599
983
954
888
275
743
1827
1713
304
655
2017
2041
1163
427
2027
1866
741
440
993
1729
509
1311
154
697
365
885
2036
1248
1848
989
679
1756
12
1921
1497
2089
456
1234
1032
1816
1680
423
1351
691
1800
2045
571
107
1619
857
104
1186
143
1463
704
26
1755
1693
470
1404
50
1580
1537
1019
1601
719
225
1266
1423
229
2050
598
356
1199
651
457
63
1329
1773
1197
710
1826
125
1598
992
1055
1254
623
1326
1575
1673
296
110
485
775
1828
1861
1330
228
1110
211
1526
1200
194
1133
1567
1081
185
1051
1865
396
1212
690
1766
101
1810
1629
1561
16
540
243
1909
244
368
282
1434
858
1381
1550
928
156
772
1007
672
1121
157
1586
974
529
1616
152
