1
1772
1357
330
23
1407
932
309
545
1832
1513
1030
105
823
1355
1371
1706
1516
276
390
844
1915
126
712
261
60
659
207
1553
1002
1980
1193
814
1762
800
1315
1870
829
393
547
1480
1581
1730
872
1183
630
47
462
1213
1587
644
2042
1808
1099
11
586
876
544
648
1900
1894
1885
376
1799
1261
650
1219
248
877
297
1683
850
1982
1936
1967
576
731
2096
1115
357
1781
1095
1901
117
232
386
1646
2030
1890
2057
1735
62
1328
378
1952
2097
1170
667
1308
830
967
1834
88
953
384
466
256
639
537
1509
237
1787
1938
477
94
1409
1563
35
1313
1487
480
2033
17
661
1171
1971
1151
366
1566
2080
1274
1648
1726
2028
513
1945
950
293
2078
1512
75
1028
964
1457
813
1185
347
1182
750
1252
1595
179
1000
215
1990
525
808
1445
2013
713
246
40
1327
1969
1592
286
2079
1041
18
1134
496
1634
559
1596
1180
911
1076
432
1727
103
1462
197
1489
1678
1819
1289
819
1346
144
500
138
1474
71
1975
65
1963
1322
24
1239
2006
265
1222
1886
1123
503
1027
1830
913
1136
962
1711
1250
678
1034
2068
341
1576
866
1380
611
199
1835
1806
467
1384
1844
1238
1154
2012
486
534
487
206
89
1052
945
733
751
653
1976
1607
1172
1057
1777
566
991
1564
1943
124
129
1314
1842
1131
2022
1786
1589
85
780
142
417
289
522
1451
902
294
84
1298
1240
1039
1557
1006
1267
1103
1290
880
941
1585
1450
9
553
1044
852
291
606
328
527
1399
97
947
1378
1428
147
922
444
1995
1750
133
1882
1350
1430
419
2016
1898
1591
492
1753
159
1568
871
1825
1078
548
164
2092
1258
625
2001
1196
1064
7
1608
1961
1932
834
471
1092
1442
799
92
137
1141
1769
908
893
463
2091
777
978
1542
956
892
557
753
1244
1858
83
1594
1792
723
136
345
1744
295
451
1620
1140
1444
1604
1855
162
943
374
738
1259
971
433
10
1650
262
1829
1689
1054
2024
459
186
581
1465
935
1425
988
1353
1821
1468
442
1391
2095
389
882
1283
758
1993
861
198
643
675
785
1008
1761
624
1618
489
695
1751
1742
1176
1299
99
2021
249
42
1628
394
348
1018
320
664
603
20
1376
694
628
33
1926
1802
1071
1874
1025
2059
1466
972
853
1453
791
616
1058
2065
2029
958
1345
2077
778
528
1166
1257
472
1930
607
234
1397
31
1531
1666
1157
1868
1228
1583
565
1896
523
241
868
68
1651
793
828
1332
1223
473
1696
422
1544
401
1482
1555
1113
942
514
1624
49
48
735
404
619
1104
1469
689
299
335
1256
1840
1814
1372
1749
1849
1999
1997
1510
300
1558
1335
